Kernel at theta = 0
[[ 1.00000000e+00  1.00000000e+00  1.00000000e+00  1.00000000e+00
   1.00000000e+00  1.00000000e+00  1.00000000e+00]
 [ 5.75224600e-17  5.75224600e-17  5.75224600e-17  5.75224600e-17
   5.75224600e-17  5.75224600e-17  5.75224600e-17]
 [-7.78800783e-01 -7.78800783e-01 -7.78800783e-01 -7.78800783e-01
  -7.78800783e-01 -7.78800783e-01 -7.78800783e-01]
 [-1.04667407e-16 -1.04667407e-16 -1.04667407e-16 -1.04667407e-16
  -1.04667407e-16 -1.04667407e-16 -1.04667407e-16]
 [-1.04667407e-16 -1.04667407e-16 -1.04667407e-16 -1.04667407e-16
  -1.04667407e-16 -1.04667407e-16 -1.04667407e-16]
 [-7.78800783e-01 -7.78800783e-01 -7.78800783e-01 -7.78800783e-01
  -7.78800783e-01 -7.78800783e-01 -7.78800783e-01]
 [ 5.75224600e-17  5.75224600e-17  5.75224600e-17  5.75224600e-17
   5.75224600e-17  5.75224600e-17  5.75224600e-17]]

Kernel at theta = 45 degrees

   [[ 1.          0.43035491 -0.53452826 -0.74117437 -0.74117437 -0.53452826
   0.43035491]
 [ 0.43035491 -0.56900237 -0.83986059 -0.19479657 -0.44313949  0.37978687
   0.93941306]
 [-0.53452826 -0.83986059 -0.20735987  0.49657897  0.29577832  0.77880078
   0.37978687]
 [-0.74117437 -0.19479657  0.49657897  0.52889607  0.56978282  0.29577832
  -0.44313949]
 [-0.74117437 -0.44313949  0.29577832  0.56978282  0.52889607  0.49657897
  -0.19479657]
 [-0.53452826  0.37978687  0.77880078  0.29577832  0.49657897 -0.20735987
  -0.83986059]
 [ 0.43035491  0.93941306  0.37978687 -0.44313949 -0.19479657 -0.83986059
  -0.56900237]]

kernel at theta = 90 degrees

  [[ 1.00000000e+00  5.75224600e-17 -7.78800783e-01 -1.04667407e-16
  -1.04667407e-16 -7.78800783e-01  5.75224600e-17]
 [ 1.00000000e+00  5.75224600e-17 -7.78800783e-01 -1.04667407e-16
  -1.04667407e-16 -7.78800783e-01  2.66114062e-16]
 [ 1.00000000e+00 -3.59660745e-16 -7.78800783e-01 -1.04667407e-16
  -1.04667407e-16 -7.78800783e-01  2.66114062e-16]
 [ 1.00000000e+00 -3.59660745e-16 -7.78800783e-01 -1.04667407e-16
  -1.04667407e-16 -7.78800783e-01  4.74705665e-16]
 [ 1.00000000e+00  4.74705665e-16 -7.78800783e-01 -1.04667407e-16
  -1.04667407e-16 -7.78800783e-01 -3.59660745e-16]
 [ 1.00000000e+00  2.66114062e-16 -7.78800783e-01 -1.04667407e-16
  -1.04667407e-16 -7.78800783e-01 -3.59660745e-16]
 [ 1.00000000e+00  2.66114062e-16 -7.78800783e-01 -1.04667407e-16
  -1.04667407e-16 -7.78800783e-01  5.75224600e-17]]